[gd_scene load_steps=7 format=2]

[ext_resource path="res://Scenes/TestScene.gd" type="Script" id=1]
[ext_resource path="res://Scenes/GroundPlane.tscn" type="PackedScene" id=2]
[ext_resource path="res://Scenes/Player.tscn" type="PackedScene" id=3]
[ext_resource path="res://Scripts/Player.gd" type="Script" id=4]
[ext_resource path="res://Scenes/Tesuto.tscn" type="PackedScene" id=5]
[ext_resource path="res://Scenes/Tesuto.gd" type="Script" id=6]

[node name="TestScene" type="Spatial"]
script = ExtResource( 1 )

[node name="GroundPlane" parent="." instance=ExtResource( 2 )]
transform = Transform( 1, 0, 0, 0, 1, 0, 0, 0, 1, 0, 0, -2 )

[node name="Player" parent="." instance=ExtResource( 3 )]
transform = Transform( 1, 0, 0, 0, 1, 0, 0, 0, 1, 0, 2, 0 )
script = ExtResource( 4 )

[node name="Head" type="Spatial" parent="Player"]
transform = Transform( 1, 0, 0, 0, 1, 0, 0, 0, 1, 0, 1, 0 )

[node name="Camera" type="Camera" parent="Player/Head"]
transform = Transform( -4.37114e-008, 0, 1, 0, 1, 0, -1, 0, -4.37114e-008, 0, 0, 0 )
far = 200.0

[node name="Tesuto" parent="." instance=ExtResource( 5 )]
transform = Transform( 1, 0, 0, 0, 1, 0, 0, 0, 1, -5, 3, -1 )
script = ExtResource( 6 )

[node name="Tesuto3" parent="." instance=ExtResource( 5 )]
transform = Transform( 0.422618, 0, 0.906308, 0, 1, 0, -0.906308, 0, 0.422618, 2, 4, -7 )
script = ExtResource( 6 )

[node name="Tesuto4" parent="." instance=ExtResource( 5 )]
transform = Transform( 0.144544, 0.939693, 0.309976, -0.397131, 0.34202, -0.851651, -0.906308, 0, 0.422618, 10, 3, 1 )
script = ExtResource( 6 )

[node name="Tesuto5" parent="." instance=ExtResource( 5 )]
transform = Transform( 0.109382, -0.965926, 0.23457, 0.408218, 0.258819, 0.875426, -0.906308, 0, 0.422618, 5, 5, 7 )
script = ExtResource( 6 )

[node name="Tesuto2" parent="." instance=ExtResource( 5 )]
transform = Transform( 0.642788, 0.766044, 0, -0.766044, 0.642788, 0, 0, 0, 1, -5, 0, 5 )
script = ExtResource( 6 )

