[gd_scene load_steps=13 format=2]

[ext_resource path="res://Scripts/Village.gd" type="Script" id=1]
[ext_resource path="res://Scenes/Objects/VillageGround.tscn" type="PackedScene" id=2]
[ext_resource path="res://Scenes/Player/Player.tscn" type="PackedScene" id=3]
[ext_resource path="res://Scenes/Objects/moon.tscn" type="PackedScene" id=4]
[ext_resource path="res://Scenes/NPCs/man.tscn" type="PackedScene" id=5]
[ext_resource path="res://Scenes/Objects/Grass1.tscn" type="PackedScene" id=6]
[ext_resource path="res://Scenes/Objects/Grass2.tscn" type="PackedScene" id=7]
[ext_resource path="res://Scenes/Objects/Tree1.tscn" type="PackedScene" id=8]
[ext_resource path="res://Scenes/Objects/house.tscn" type="PackedScene" id=9]
[ext_resource path="res://Scenes/Objects/hut.tscn" type="PackedScene" id=10]
[ext_resource path="res://Scenes/Objects/Tesuto.tscn" type="PackedScene" id=11]
[ext_resource path="res://Scenes/Objects/firepit.tscn" type="PackedScene" id=12]

[node name="Village" type="Spatial"]
script = ExtResource( 1 )

[node name="VillageGround" parent="." instance=ExtResource( 2 )]

[node name="Player" parent="." instance=ExtResource( 3 )]
transform = Transform( -0.499726, 0, 0.0165601, 0, 0.5, 0, -0.0165601, 0, -0.499726, -0.0150261, 0.724942, 0.00686264 )

[node name="moon" parent="Player" instance=ExtResource( 4 )]
transform = Transform( 1, 0, 0, 0, 1, 0, 0, 0, 1, -82.1602, 42.1751, 6.06826 )

[node name="man" parent="." instance=ExtResource( 5 )]
transform = Transform( 1, 0, 0, 0, 1, 0, 0, 0, 1, 25.1761, -2.86102e-006, -16.4354 )

[node name="man2" parent="." instance=ExtResource( 5 )]
transform = Transform( 1, 0, 0, 0, 1, 0, 0, 0, 1, -13.3096, -2.86102e-006, -9.92888 )

[node name="Grasses" type="Spatial" parent="."]
editor/display_folded = true

[node name="Grass1s" type="Spatial" parent="Grasses"]

[node name="Grass1" parent="Grasses/Grass1s" instance=ExtResource( 6 )]
transform = Transform( 1, 0, 0, 0, 1, 0, 0, 0, 1, 2.74819, 0.125223, 4.03665 )

[node name="Grass7" parent="Grasses/Grass1s" instance=ExtResource( 6 )]
transform = Transform( 0.915894, 0, 0.40142, 0, 1, 0, -0.40142, 0, 0.915894, 11.9573, 0.125223, 2.3853 )

[node name="Grass15" parent="Grasses/Grass1s" instance=ExtResource( 6 )]
transform = Transform( -0.072872, 0, 0.997341, 0, 1, 0, -0.997341, 0, -0.072872, 8.87537, 0.125224, -10.522 )

[node name="Grass22" parent="Grasses/Grass1s" instance=ExtResource( 6 )]
transform = Transform( 0.761076, 0, -0.648663, 0, 1, 0, 0.648663, 0, 0.761076, -4.03422, 0.125223, -3.29322 )

[node name="Grass28" parent="Grasses/Grass1s" instance=ExtResource( 6 )]
transform = Transform( 0.761076, 0, -0.648663, 0, 1, 0, 0.648663, 0, 0.761076, 29.1475, 0.125223, 33.5973 )

[node name="Grass43" parent="Grasses/Grass1s" instance=ExtResource( 6 )]
transform = Transform( 0.761076, 0, -0.648663, 0, 1, 0, 0.648663, 0, 0.761076, 26.7003, 0.125223, 26.133 )

[node name="Grass62" parent="Grasses/Grass1s" instance=ExtResource( 6 )]
transform = Transform( 0.761076, 0, -0.648663, 0, 1, 0, 0.648663, 0, 0.761076, -5.86408, 0.125223, 26.1419 )

[node name="Grass82" parent="Grasses/Grass1s" instance=ExtResource( 6 )]
transform = Transform( 0.761076, 0, -0.648663, 0, 1, 0, 0.648663, 0, 0.761076, -1.83307, 0.125223, 33.6799 )

[node name="Grass112" parent="Grasses/Grass1s" instance=ExtResource( 6 )]
transform = Transform( 0.761076, 0, -0.648663, 0, 1, 0, 0.648663, 0, 0.761076, -6.25818, 0.125223, 7.2762 )

[node name="Grass131" parent="Grasses/Grass1s" instance=ExtResource( 6 )]
transform = Transform( -0.751024, 0, -0.660275, 0, 1, 0, 0.660275, 0, -0.751024, -29.1795, 0.125223, -6.66143 )

[node name="Grass134" parent="Grasses/Grass1s" instance=ExtResource( 6 )]
transform = Transform( -0.751024, 0, -0.660275, 0, 1, 0, 0.660275, 0, -0.751024, 22.7641, 0.125227, 2.20078 )

[node name="Grass158" parent="Grasses/Grass1s" instance=ExtResource( 6 )]
transform = Transform( -0.751024, 0, -0.660275, 0, 1, 0, 0.660275, 0, -0.751024, 13.3006, 0.125231, -3.92034 )

[node name="Grass178" parent="Grasses/Grass1s" instance=ExtResource( 6 )]
transform = Transform( 0.41812, 0, -0.908392, 0, 1, 0, 0.908392, 0, 0.41812, -1.61179, 0.125231, 2.73177 )

[node name="Grass203" parent="Grasses/Grass1s" instance=ExtResource( 6 )]
transform = Transform( 0.41812, 0, -0.908392, 0, 1, 0, 0.908392, 0, 0.41812, 1.29283, 0.125231, -15.9787 )

[node name="Grass220" parent="Grasses/Grass1s" instance=ExtResource( 6 )]
transform = Transform( -0.950101, 0, 0.311942, 0, 1, 0, -0.311942, 0, -0.950101, -1.61318, 0.125231, -14.5058 )

[node name="Grass35" parent="Grasses/Grass1s" instance=ExtResource( 6 )]
transform = Transform( -0.50762, 0, 0.861581, 0, 1, 0, -0.861581, 0, -0.50762, 9.24822, 0.125224, 30.0976 )

[node name="Grass44" parent="Grasses/Grass1s" instance=ExtResource( 6 )]
transform = Transform( -0.50762, 0, 0.861581, 0, 1, 0, -0.861581, 0, -0.50762, 6.801, 0.125224, 22.6333 )

[node name="Grass61" parent="Grasses/Grass1s" instance=ExtResource( 6 )]
transform = Transform( -0.50762, 0, 0.861581, 0, 1, 0, -0.861581, 0, -0.50762, -25.7634, 0.125224, 22.6422 )

[node name="Grass79" parent="Grasses/Grass1s" instance=ExtResource( 6 )]
transform = Transform( -0.50762, 0, 0.861581, 0, 1, 0, -0.861581, 0, -0.50762, -21.7324, 0.125224, 30.1802 )

[node name="Grass97" parent="Grasses/Grass1s" instance=ExtResource( 6 )]
transform = Transform( -0.50762, 0, 0.861581, 0, 1, 0, -0.861581, 0, -0.50762, -26.1575, 0.125224, 3.7765 )

[node name="Grass115" parent="Grasses/Grass1s" instance=ExtResource( 6 )]
transform = Transform( 0.925427, 0, 0.378926, 0, 1, 0, -0.378926, 0, 0.925427, -22.8646, 0.125224, -25.8539 )

[node name="Grass150" parent="Grasses/Grass1s" instance=ExtResource( 6 )]
transform = Transform( 0.925427, 0, 0.378926, 0, 1, 0, -0.378926, 0, 0.925427, 29.0791, 0.125228, -16.9917 )

[node name="Grass166" parent="Grasses/Grass1s" instance=ExtResource( 6 )]
transform = Transform( 0.925427, 0, 0.378926, 0, 1, 0, -0.378926, 0, 0.925427, 19.6156, 0.125232, -23.1128 )

[node name="Grass184" parent="Grasses/Grass1s" instance=ExtResource( 6 )]
transform = Transform( -0.098664, 0, 0.995121, 0, 1, 0, -0.995121, 0, -0.098664, -18.1993, 0.125232, -8.80448 )

[node name="Grass197" parent="Grasses/Grass1s" instance=ExtResource( 6 )]
transform = Transform( -0.098664, 0, 0.995121, 0, 1, 0, -0.995121, 0, -0.098664, -15.2947, 0.125232, -27.5149 )

[node name="Grass217" parent="Grasses/Grass1s" instance=ExtResource( 6 )]
transform = Transform( 0.796213, 0, -0.605017, 0, 1, 0, 0.605017, 0, 0.796213, 18.1285, 0.125232, -18.8065 )

[node name="Grass41" parent="Grasses/Grass1s" instance=ExtResource( 6 )]
transform = Transform( -0.50762, 0, 0.861581, 0, 1, 0, -0.861581, 0, -0.50762, 20.6196, 0.125224, 29.8487 )

[node name="Grass45" parent="Grasses/Grass1s" instance=ExtResource( 6 )]
transform = Transform( -0.50762, 0, 0.861581, 0, 1, 0, -0.861581, 0, -0.50762, 18.1723, 0.125224, 22.3844 )

[node name="Grass63" parent="Grasses/Grass1s" instance=ExtResource( 6 )]
transform = Transform( -0.50762, 0, 0.861581, 0, 1, 0, -0.861581, 0, -0.50762, -14.392, 0.125224, 22.3933 )

[node name="Grass81" parent="Grasses/Grass1s" instance=ExtResource( 6 )]
transform = Transform( -0.50762, 0, 0.861581, 0, 1, 0, -0.861581, 0, -0.50762, -10.361, 0.125224, 29.9313 )

[node name="Grass99" parent="Grasses/Grass1s" instance=ExtResource( 6 )]
transform = Transform( -0.50762, 0, 0.861581, 0, 1, 0, -0.861581, 0, -0.50762, -14.7861, 0.125224, 3.5276 )

[node name="Grass121" parent="Grasses/Grass1s" instance=ExtResource( 6 )]
transform = Transform( 0.925427, 0, 0.378926, 0, 1, 0, -0.378926, 0, 0.925427, -24.2476, 0.125224, -14.5642 )

[node name="Grass140" parent="Grasses/Grass1s" instance=ExtResource( 6 )]
transform = Transform( 0.925427, 0, 0.378926, 0, 1, 0, -0.378926, 0, 0.925427, 27.696, 0.125228, -5.70203 )

[node name="Grass155" parent="Grasses/Grass1s" instance=ExtResource( 6 )]
transform = Transform( 0.925427, 0, 0.378926, 0, 1, 0, -0.378926, 0, 0.925427, 18.2325, 0.125232, -11.8232 )

[node name="Grass173" parent="Grasses/Grass1s" instance=ExtResource( 6 )]
transform = Transform( -0.098664, 0, 0.995121, 0, 1, 0, -0.995121, 0, -0.098664, -7.77565, 0.125232, -4.25284 )

[node name="Grass189" parent="Grasses/Grass1s" instance=ExtResource( 6 )]
transform = Transform( -0.098664, 0, 0.995121, 0, 1, 0, -0.995121, 0, -0.098664, -4.87103, 0.125232, -22.9633 )

[node name="Grass210" parent="Grasses/Grass1s" instance=ExtResource( 6 )]
transform = Transform( 0.796213, 0, -0.605017, 0, 1, 0, 0.605017, 0, 0.796213, 7.69924, 0.125232, -14.2678 )

[node name="Grass4" parent="Grasses/Grass1s" instance=ExtResource( 6 )]
transform = Transform( 1, 0, 0, 0, 1, 0, 0, 0, 1, -1.03928, 0.125224, 4.05719 )

[node name="Grass10" parent="Grasses/Grass1s" instance=ExtResource( 6 )]
transform = Transform( 0.915894, 0, 0.40142, 0, 1, 0, -0.40142, 0, 0.915894, 8.49666, 0.125224, 3.92447 )

[node name="Grass17" parent="Grasses/Grass1s" instance=ExtResource( 6 )]
transform = Transform( -0.072872, 0, 0.997341, 0, 1, 0, -0.997341, 0, -0.072872, 9.17185, 0.125225, -6.74606 )

[node name="Grass19" parent="Grasses/Grass1s" instance=ExtResource( 6 )]
transform = Transform( 0.761076, 0, -0.648663, 0, 1, 0, 0.648663, 0, 0.761076, -6.93009, 0.125224, -5.73438 )

[node name="Grass26" parent="Grasses/Grass1s" instance=ExtResource( 6 )]
transform = Transform( 0.761076, 0, -0.648663, 0, 1, 0, 0.648663, 0, 0.761076, 26.2517, 0.125224, 31.1561 )

[node name="Grass48" parent="Grasses/Grass1s" instance=ExtResource( 6 )]
transform = Transform( 0.761076, 0, -0.648663, 0, 1, 0, 0.648663, 0, 0.761076, 23.8045, 0.125224, 23.6918 )

[node name="Grass70" parent="Grasses/Grass1s" instance=ExtResource( 6 )]
transform = Transform( 0.761076, 0, -0.648663, 0, 1, 0, 0.648663, 0, 0.761076, -8.75991, 0.125224, 23.7007 )

[node name="Grass85" parent="Grasses/Grass1s" instance=ExtResource( 6 )]
transform = Transform( 0.761076, 0, -0.648663, 0, 1, 0, 0.648663, 0, 0.761076, -4.7289, 0.125224, 31.2387 )

[node name="Grass104" parent="Grasses/Grass1s" instance=ExtResource( 6 )]
transform = Transform( 0.761076, 0, -0.648663, 0, 1, 0, 0.648663, 0, 0.761076, -9.15401, 0.125224, 4.835 )

[node name="Grass117" parent="Grasses/Grass1s" instance=ExtResource( 6 )]
transform = Transform( -0.751024, 0, -0.660275, 0, 1, 0, 0.660275, 0, -0.751024, -26.3486, 0.125224, -9.17757 )

[node name="Grass147" parent="Grasses/Grass1s" instance=ExtResource( 6 )]
transform = Transform( -0.751024, 0, -0.660275, 0, 1, 0, 0.660275, 0, -0.751024, 25.5951, 0.125228, -0.315367 )

[node name="Grass160" parent="Grasses/Grass1s" instance=ExtResource( 6 )]
transform = Transform( -0.751024, 0, -0.660275, 0, 1, 0, 0.660275, 0, -0.751024, 16.1316, 0.125232, -6.43649 )

[node name="Grass180" parent="Grasses/Grass1s" instance=ExtResource( 6 )]
transform = Transform( 0.41812, 0, -0.908392, 0, 1, 0, 0.908392, 0, 0.41812, -3.214, 0.125232, -0.700168 )

[node name="Grass200" parent="Grasses/Grass1s" instance=ExtResource( 6 )]
transform = Transform( 0.41812, 0, -0.908392, 0, 1, 0, 0.908392, 0, 0.41812, -0.309388, 0.125232, -19.4106 )

[node name="Grass219" parent="Grasses/Grass1s" instance=ExtResource( 6 )]
transform = Transform( -0.950101, 0, 0.311942, 0, 1, 0, -0.311942, 0, -0.950101, 1.99168, 0.125232, -13.3438 )

[node name="Grass33" parent="Grasses/Grass1s" instance=ExtResource( 6 )]
transform = Transform( -0.50762, 0, 0.861581, 0, 1, 0, -0.861581, 0, -0.50762, 11.1885, 0.125225, 33.3504 )

[node name="Grass46" parent="Grasses/Grass1s" instance=ExtResource( 6 )]
transform = Transform( -0.50762, 0, 0.861581, 0, 1, 0, -0.861581, 0, -0.50762, 8.74128, 0.125225, 25.8861 )

[node name="Grass68" parent="Grasses/Grass1s" instance=ExtResource( 6 )]
transform = Transform( -0.50762, 0, 0.861581, 0, 1, 0, -0.861581, 0, -0.50762, -23.8231, 0.125225, 25.895 )

[node name="Grass94" parent="Grasses/Grass1s" instance=ExtResource( 6 )]
transform = Transform( -0.50762, 0, 0.861581, 0, 1, 0, -0.861581, 0, -0.50762, -19.7921, 0.125225, 33.433 )

[node name="Grass108" parent="Grasses/Grass1s" instance=ExtResource( 6 )]
transform = Transform( -0.50762, 0, 0.861581, 0, 1, 0, -0.861581, 0, -0.50762, -24.2172, 0.125225, 7.0293 )

[node name="Grass116" parent="Grasses/Grass1s" instance=ExtResource( 6 )]
transform = Transform( 0.925427, 0, 0.378926, 0, 1, 0, -0.378926, 0, 0.925427, -26.3618, 0.125225, -24.3997 )

[node name="Grass136" parent="Grasses/Grass1s" instance=ExtResource( 6 )]
transform = Transform( 0.925427, 0, 0.378926, 0, 1, 0, -0.378926, 0, 0.925427, 25.5818, 0.125229, -15.5375 )

[node name="Grass153" parent="Grasses/Grass1s" instance=ExtResource( 6 )]
transform = Transform( 0.925427, 0, 0.378926, 0, 1, 0, -0.378926, 0, 0.925427, 16.1183, 0.125233, -21.6587 )

[node name="Grass175" parent="Grasses/Grass1s" instance=ExtResource( 6 )]
transform = Transform( -0.098664, 0, 0.995121, 0, 1, 0, -0.995121, 0, -0.098664, -17.8052, 0.125233, -5.03751 )

[node name="Grass191" parent="Grasses/Grass1s" instance=ExtResource( 6 )]
transform = Transform( -0.098664, 0, 0.995121, 0, 1, 0, -0.995121, 0, -0.098664, -14.9005, 0.125233, -23.748 )

[node name="Grass211" parent="Grasses/Grass1s" instance=ExtResource( 6 )]
transform = Transform( 0.796213, 0, -0.605017, 0, 1, 0, 0.605017, 0, 0.796213, 15.1004, 0.125233, -21.0817 )

[node name="Grass40" parent="Grasses/Grass1s" instance=ExtResource( 6 )]
transform = Transform( -0.50762, 0, 0.861581, 0, 1, 0, -0.861581, 0, -0.50762, 22.5598, 0.125225, 33.1014 )

[node name="Grass49" parent="Grasses/Grass1s" instance=ExtResource( 6 )]
transform = Transform( -0.50762, 0, 0.861581, 0, 1, 0, -0.861581, 0, -0.50762, 20.1126, 0.125225, 25.6371 )

[node name="Grass71" parent="Grasses/Grass1s" instance=ExtResource( 6 )]
transform = Transform( -0.50762, 0, 0.861581, 0, 1, 0, -0.861581, 0, -0.50762, -12.4517, 0.125225, 25.646 )

[node name="Grass91" parent="Grasses/Grass1s" instance=ExtResource( 6 )]
transform = Transform( -0.50762, 0, 0.861581, 0, 1, 0, -0.861581, 0, -0.50762, -8.42073, 0.125225, 33.184 )

[node name="Grass105" parent="Grasses/Grass1s" instance=ExtResource( 6 )]
transform = Transform( -0.50762, 0, 0.861581, 0, 1, 0, -0.861581, 0, -0.50762, -12.8458, 0.125225, 6.7803 )

[node name="Grass120" parent="Grasses/Grass1s" instance=ExtResource( 6 )]
transform = Transform( 0.925427, 0, 0.378926, 0, 1, 0, -0.378926, 0, 0.925427, -27.7448, 0.125225, -13.11 )

[node name="Grass138" parent="Grasses/Grass1s" instance=ExtResource( 6 )]
transform = Transform( 0.925427, 0, 0.378926, 0, 1, 0, -0.378926, 0, 0.925427, 24.1989, 0.125229, -4.24784 )

[node name="Grass152" parent="Grasses/Grass1s" instance=ExtResource( 6 )]
transform = Transform( 0.925427, 0, 0.378926, 0, 1, 0, -0.378926, 0, 0.925427, 14.7353, 0.125233, -10.369 )

[node name="Grass176" parent="Grasses/Grass1s" instance=ExtResource( 6 )]
transform = Transform( -0.098664, 0, 0.995121, 0, 1, 0, -0.995121, 0, -0.098664, -7.38148, 0.125233, -0.485956 )

[node name="Grass202" parent="Grasses/Grass1s" instance=ExtResource( 6 )]
transform = Transform( -0.098664, 0, 0.995121, 0, 1, 0, -0.995121, 0, -0.098664, -4.47687, 0.125233, -19.1964 )

[node name="Grass222" parent="Grasses/Grass1s" instance=ExtResource( 6 )]
transform = Transform( 0.796213, 0, -0.605017, 0, 1, 0, 0.605017, 0, 0.796213, 4.67122, 0.125233, -16.5428 )

[node name="Grass2" parent="Grasses/Grass1s" instance=ExtResource( 6 )]
transform = Transform( 1, 0, 0, 0, 1, 0, 0, 0, 1, 5.08837, 0.125223, 1.56074 )

[node name="Grass8" parent="Grasses/Grass1s" instance=ExtResource( 6 )]
transform = Transform( 0.915894, 0, 0.40142, 0, 1, 0, -0.40142, 0, 0.915894, 13.1068, 0.125223, -0.821774 )

[node name="Grass16" parent="Grasses/Grass1s" instance=ExtResource( 6 )]
transform = Transform( -0.072872, 0, 0.997341, 0, 1, 0, -0.997341, 0, -0.072872, 6.2355, 0.125224, -12.6755 )

[node name="Grass23" parent="Grasses/Grass1s" instance=ExtResource( 6 )]
transform = Transform( 0.761076, 0, -0.648663, 0, 1, 0, 0.648663, 0, 0.761076, -0.647132, 0.125223, -3.65959 )

[node name="Grass29" parent="Grasses/Grass1s" instance=ExtResource( 6 )]
transform = Transform( 0.761076, 0, -0.648663, 0, 1, 0, 0.648663, 0, 0.761076, 32.5346, 0.125223, 33.2309 )

[node name="Grass50" parent="Grasses/Grass1s" instance=ExtResource( 6 )]
transform = Transform( 0.761076, 0, -0.648663, 0, 1, 0, 0.648663, 0, 0.761076, 30.0874, 0.125223, 25.7666 )

[node name="Grass72" parent="Grasses/Grass1s" instance=ExtResource( 6 )]
transform = Transform( 0.761076, 0, -0.648663, 0, 1, 0, 0.648663, 0, 0.761076, -2.47698, 0.125223, 25.7755 )

[node name="Grass89" parent="Grasses/Grass1s" instance=ExtResource( 6 )]
transform = Transform( 0.761076, 0, -0.648663, 0, 1, 0, 0.648663, 0, 0.761076, 1.55403, 0.125223, 33.3135 )

[node name="Grass102" parent="Grasses/Grass1s" instance=ExtResource( 6 )]
transform = Transform( 0.761076, 0, -0.648663, 0, 1, 0, 0.648663, 0, 0.761076, -2.87108, 0.125223, 6.9098 )

[node name="Grass123" parent="Grasses/Grass1s" instance=ExtResource( 6 )]
transform = Transform( -0.751024, 0, -0.660275, 0, 1, 0, 0.660275, 0, -0.751024, -29.3022, 0.125223, -3.25678 )

[node name="Grass144" parent="Grasses/Grass1s" instance=ExtResource( 6 )]
transform = Transform( -0.751024, 0, -0.660275, 0, 1, 0, 0.660275, 0, -0.751024, 22.6414, 0.125227, 5.60543 )

[node name="Grass164" parent="Grasses/Grass1s" instance=ExtResource( 6 )]
transform = Transform( -0.751024, 0, -0.660275, 0, 1, 0, 0.660275, 0, -0.751024, 13.1779, 0.125231, -0.515697 )

[node name="Grass182" parent="Grasses/Grass1s" instance=ExtResource( 6 )]
transform = Transform( 0.41812, 0, -0.908392, 0, 1, 0, 0.908392, 0, 0.41812, 1.61581, 0.125231, 3.82232 )

[node name="Grass194" parent="Grasses/Grass1s" instance=ExtResource( 6 )]
transform = Transform( 0.41812, 0, -0.908392, 0, 1, 0, 0.908392, 0, 0.41812, 4.52043, 0.125231, -14.8881 )

[node name="Grass214" parent="Grasses/Grass1s" instance=ExtResource( 6 )]
transform = Transform( -0.950101, 0, 0.311942, 0, 1, 0, -0.311942, 0, -0.950101, -4.60893, 0.125231, -12.8834 )

[node name="Grass36" parent="Grasses/Grass1s" instance=ExtResource( 6 )]
transform = Transform( -0.50762, 0, 0.861581, 0, 1, 0, -0.861581, 0, -0.50762, 5.92711, 0.125224, 29.3382 )

[node name="Grass51" parent="Grasses/Grass1s" instance=ExtResource( 6 )]
transform = Transform( -0.50762, 0, 0.861581, 0, 1, 0, -0.861581, 0, -0.50762, 3.47989, 0.125224, 21.8739 )

[node name="Grass74" parent="Grasses/Grass1s" instance=ExtResource( 6 )]
transform = Transform( -0.50762, 0, 0.861581, 0, 1, 0, -0.861581, 0, -0.50762, -29.0845, 0.125224, 21.8828 )

[node name="Grass90" parent="Grasses/Grass1s" instance=ExtResource( 6 )]
transform = Transform( -0.50762, 0, 0.861581, 0, 1, 0, -0.861581, 0, -0.50762, -25.0535, 0.125224, 29.4208 )

[node name="Grass114" parent="Grasses/Grass1s" instance=ExtResource( 6 )]
transform = Transform( -0.50762, 0, 0.861581, 0, 1, 0, -0.861581, 0, -0.50762, -29.4786, 0.125224, 3.0171 )

[node name="Grass132" parent="Grasses/Grass1s" instance=ExtResource( 6 )]
transform = Transform( 0.925427, 0, 0.378926, 0, 1, 0, -0.378926, 0, 0.925427, -21.6371, 0.125224, -29.0319 )

[node name="Grass149" parent="Grasses/Grass1s" instance=ExtResource( 6 )]
transform = Transform( 0.925427, 0, 0.378926, 0, 1, 0, -0.378926, 0, 0.925427, 30.3065, 0.125228, -20.1697 )

[node name="Grass167" parent="Grasses/Grass1s" instance=ExtResource( 6 )]
transform = Transform( 0.925427, 0, 0.378926, 0, 1, 0, -0.378926, 0, 0.925427, 20.843, 0.125232, -26.2908 )

[node name="Grass186" parent="Grasses/Grass1s" instance=ExtResource( 6 )]
transform = Transform( -0.098664, 0, 0.995121, 0, 1, 0, -0.995121, 0, -0.098664, -20.894, 0.125232, -10.8889 )

[node name="Grass204" parent="Grasses/Grass1s" instance=ExtResource( 6 )]
transform = Transform( -0.098664, 0, 0.995121, 0, 1, 0, -0.995121, 0, -0.098664, -17.9894, 0.125232, -29.5994 )

[node name="Grass221" parent="Grasses/Grass1s" instance=ExtResource( 6 )]
transform = Transform( 0.796213, 0, -0.605017, 0, 1, 0, 0.605017, 0, 0.796213, 21.4897, 0.125232, -19.362 )

[node name="Grass42" parent="Grasses/Grass1s" instance=ExtResource( 6 )]
transform = Transform( -0.50762, 0, 0.861581, 0, 1, 0, -0.861581, 0, -0.50762, 17.2984, 0.125224, 29.0892 )

[node name="Grass52" parent="Grasses/Grass1s" instance=ExtResource( 6 )]
transform = Transform( -0.50762, 0, 0.861581, 0, 1, 0, -0.861581, 0, -0.50762, 14.8512, 0.125224, 21.6249 )

[node name="Grass75" parent="Grasses/Grass1s" instance=ExtResource( 6 )]
transform = Transform( -0.50762, 0, 0.861581, 0, 1, 0, -0.861581, 0, -0.50762, -17.7132, 0.125224, 21.6338 )

[node name="Grass92" parent="Grasses/Grass1s" instance=ExtResource( 6 )]
transform = Transform( -0.50762, 0, 0.861581, 0, 1, 0, -0.861581, 0, -0.50762, -13.6821, 0.125224, 29.1718 )

[node name="Grass100" parent="Grasses/Grass1s" instance=ExtResource( 6 )]
transform = Transform( -0.50762, 0, 0.861581, 0, 1, 0, -0.861581, 0, -0.50762, -18.1073, 0.125224, 2.7681 )

[node name="Grass119" parent="Grasses/Grass1s" instance=ExtResource( 6 )]
transform = Transform( 0.925427, 0, 0.378926, 0, 1, 0, -0.378926, 0, 0.925427, -23.0201, 0.125224, -17.7423 )

[node name="Grass143" parent="Grasses/Grass1s" instance=ExtResource( 6 )]
transform = Transform( 0.925427, 0, 0.378926, 0, 1, 0, -0.378926, 0, 0.925427, 28.9236, 0.125228, -8.88005 )

[node name="Grass163" parent="Grasses/Grass1s" instance=ExtResource( 6 )]
transform = Transform( 0.925427, 0, 0.378926, 0, 1, 0, -0.378926, 0, 0.925427, 19.46, 0.125232, -15.0012 )

[node name="Grass172" parent="Grasses/Grass1s" instance=ExtResource( 6 )]
transform = Transform( -0.098664, 0, 0.995121, 0, 1, 0, -0.995121, 0, -0.098664, -10.4703, 0.125232, -6.33738 )

[node name="Grass193" parent="Grasses/Grass1s" instance=ExtResource( 6 )]
transform = Transform( -0.098664, 0, 0.995121, 0, 1, 0, -0.995121, 0, -0.098664, -7.56573, 0.125232, -25.0478 )

[node name="Grass205" parent="Grasses/Grass1s" instance=ExtResource( 6 )]
transform = Transform( 0.796213, 0, -0.605017, 0, 1, 0, 0.605017, 0, 0.796213, 11.0605, 0.125232, -14.8232 )

[node name="Grass5" parent="Grasses/Grass1s" instance=ExtResource( 6 )]
transform = Transform( 1, 0, 0, 0, 1, 0, 0, 0, 1, 1.30091, 0.125224, 1.58127 )

[node name="Grass9" parent="Grasses/Grass1s" instance=ExtResource( 6 )]
transform = Transform( 0.915894, 0, 0.40142, 0, 1, 0, -0.40142, 0, 0.915894, 9.64614, 0.125224, 0.717397 )

[node name="Grass14" parent="Grasses/Grass1s" instance=ExtResource( 6 )]
transform = Transform( -0.072872, 0, 0.997341, 0, 1, 0, -0.997341, 0, -0.072872, 6.53198, 0.125225, -8.8996 )

[node name="Grass21" parent="Grasses/Grass1s" instance=ExtResource( 6 )]
transform = Transform( 0.761076, 0, -0.648663, 0, 1, 0, 0.648663, 0, 0.761076, -3.543, 0.125224, -6.10075 )

[node name="Grass27" parent="Grasses/Grass1s" instance=ExtResource( 6 )]
transform = Transform( 0.761076, 0, -0.648663, 0, 1, 0, 0.648663, 0, 0.761076, 29.6388, 0.125224, 30.7898 )

[node name="Grass53" parent="Grasses/Grass1s" instance=ExtResource( 6 )]
transform = Transform( 0.761076, 0, -0.648663, 0, 1, 0, 0.648663, 0, 0.761076, 27.1916, 0.125224, 23.3255 )

[node name="Grass69" parent="Grasses/Grass1s" instance=ExtResource( 6 )]
transform = Transform( 0.761076, 0, -0.648663, 0, 1, 0, 0.648663, 0, 0.761076, -5.37278, 0.125224, 23.3344 )

[node name="Grass86" parent="Grasses/Grass1s" instance=ExtResource( 6 )]
transform = Transform( 0.761076, 0, -0.648663, 0, 1, 0, 0.648663, 0, 0.761076, -1.34177, 0.125224, 30.8724 )

[node name="Grass113" parent="Grasses/Grass1s" instance=ExtResource( 6 )]
transform = Transform( 0.761076, 0, -0.648663, 0, 1, 0, 0.648663, 0, 0.761076, -5.76688, 0.125224, 4.4687 )

[node name="Grass130" parent="Grasses/Grass1s" instance=ExtResource( 6 )]
transform = Transform( -0.751024, 0, -0.660275, 0, 1, 0, 0.660275, 0, -0.751024, -26.4714, 0.125224, -5.77291 )

[node name="Grass142" parent="Grasses/Grass1s" instance=ExtResource( 6 )]
transform = Transform( -0.751024, 0, -0.660275, 0, 1, 0, 0.660275, 0, -0.751024, 25.4723, 0.125228, 3.0893 )

[node name="Grass162" parent="Grasses/Grass1s" instance=ExtResource( 6 )]
transform = Transform( -0.751024, 0, -0.660275, 0, 1, 0, 0.660275, 0, -0.751024, 16.0087, 0.125232, -3.03183 )

[node name="Grass171" parent="Grasses/Grass1s" instance=ExtResource( 6 )]
transform = Transform( 0.41812, 0, -0.908392, 0, 1, 0, 0.908392, 0, 0.41812, 0.0135832, 0.125232, 0.390485 )

[node name="Grass188" parent="Grasses/Grass1s" instance=ExtResource( 6 )]
transform = Transform( 0.41812, 0, -0.908392, 0, 1, 0, 0.908392, 0, 0.41812, 2.9182, 0.125232, -18.32 )

[node name="Grass208" parent="Grasses/Grass1s" instance=ExtResource( 6 )]
transform = Transform( -0.950101, 0, 0.311942, 0, 1, 0, -0.311942, 0, -0.950101, -1.00414, 0.125232, -11.7214 )

[node name="Grass32" parent="Grasses/Grass1s" instance=ExtResource( 6 )]
transform = Transform( -0.50762, 0, 0.861581, 0, 1, 0, -0.861581, 0, -0.50762, 7.86741, 0.125225, 32.591 )

[node name="Grass47" parent="Grasses/Grass1s" instance=ExtResource( 6 )]
transform = Transform( -0.50762, 0, 0.861581, 0, 1, 0, -0.861581, 0, -0.50762, 5.42019, 0.125225, 25.1267 )

[node name="Grass73" parent="Grasses/Grass1s" instance=ExtResource( 6 )]
transform = Transform( -0.50762, 0, 0.861581, 0, 1, 0, -0.861581, 0, -0.50762, -27.1442, 0.125225, 25.1356 )

[node name="Grass96" parent="Grasses/Grass1s" instance=ExtResource( 6 )]
transform = Transform( -0.50762, 0, 0.861581, 0, 1, 0, -0.861581, 0, -0.50762, -23.1132, 0.125225, 32.6736 )

[node name="Grass103" parent="Grasses/Grass1s" instance=ExtResource( 6 )]
transform = Transform( -0.50762, 0, 0.861581, 0, 1, 0, -0.861581, 0, -0.50762, -27.5383, 0.125225, 6.2699 )

[node name="Grass125" parent="Grasses/Grass1s" instance=ExtResource( 6 )]
transform = Transform( 0.925427, 0, 0.378926, 0, 1, 0, -0.378926, 0, 0.925427, -25.1344, 0.125225, -27.5777 )

[node name="Grass141" parent="Grasses/Grass1s" instance=ExtResource( 6 )]
transform = Transform( 0.925427, 0, 0.378926, 0, 1, 0, -0.378926, 0, 0.925427, 26.8093, 0.125229, -18.7155 )

[node name="Grass156" parent="Grasses/Grass1s" instance=ExtResource( 6 )]
transform = Transform( 0.925427, 0, 0.378926, 0, 1, 0, -0.378926, 0, 0.925427, 17.3457, 0.125233, -24.8367 )

[node name="Grass170" parent="Grasses/Grass1s" instance=ExtResource( 6 )]
transform = Transform( -0.098664, 0, 0.995121, 0, 1, 0, -0.995121, 0, -0.098664, -20.4999, 0.125233, -7.12195 )

[node name="Grass192" parent="Grasses/Grass1s" instance=ExtResource( 6 )]
transform = Transform( -0.098664, 0, 0.995121, 0, 1, 0, -0.995121, 0, -0.098664, -17.5952, 0.125233, -25.8324 )

[node name="Grass212" parent="Grasses/Grass1s" instance=ExtResource( 6 )]
transform = Transform( 0.796213, 0, -0.605017, 0, 1, 0, 0.605017, 0, 0.796213, 18.4616, 0.125233, -21.6372 )

[node name="Grass39" parent="Grasses/Grass1s" instance=ExtResource( 6 )]
transform = Transform( -0.50762, 0, 0.861581, 0, 1, 0, -0.861581, 0, -0.50762, 19.2387, 0.125225, 32.342 )

[node name="Grass54" parent="Grasses/Grass1s" instance=ExtResource( 6 )]
transform = Transform( -0.50762, 0, 0.861581, 0, 1, 0, -0.861581, 0, -0.50762, 16.7915, 0.125225, 24.8777 )

[node name="Grass78" parent="Grasses/Grass1s" instance=ExtResource( 6 )]
transform = Transform( -0.50762, 0, 0.861581, 0, 1, 0, -0.861581, 0, -0.50762, -15.7729, 0.125225, 24.8866 )

[node name="Grass88" parent="Grasses/Grass1s" instance=ExtResource( 6 )]
transform = Transform( -0.50762, 0, 0.861581, 0, 1, 0, -0.861581, 0, -0.50762, -11.7419, 0.125225, 32.4246 )

[node name="Grass106" parent="Grasses/Grass1s" instance=ExtResource( 6 )]
transform = Transform( -0.50762, 0, 0.861581, 0, 1, 0, -0.861581, 0, -0.50762, -16.167, 0.125225, 6.0209 )

[node name="Grass126" parent="Grasses/Grass1s" instance=ExtResource( 6 )]
transform = Transform( 0.925427, 0, 0.378926, 0, 1, 0, -0.378926, 0, 0.925427, -26.5173, 0.125225, -16.2881 )

[node name="Grass135" parent="Grasses/Grass1s" instance=ExtResource( 6 )]
transform = Transform( 0.925427, 0, 0.378926, 0, 1, 0, -0.378926, 0, 0.925427, 25.4263, 0.125229, -7.42589 )

[node name="Grass159" parent="Grasses/Grass1s" instance=ExtResource( 6 )]
transform = Transform( 0.925427, 0, 0.378926, 0, 1, 0, -0.378926, 0, 0.925427, 15.9628, 0.125233, -13.547 )

[node name="Grass179" parent="Grasses/Grass1s" instance=ExtResource( 6 )]
transform = Transform( -0.098664, 0, 0.995121, 0, 1, 0, -0.995121, 0, -0.098664, -10.0762, 0.125233, -2.57041 )

[node name="Grass201" parent="Grasses/Grass1s" instance=ExtResource( 6 )]
transform = Transform( -0.098664, 0, 0.995121, 0, 1, 0, -0.995121, 0, -0.098664, -7.17162, 0.125233, -21.2809 )

[node name="Grass209" parent="Grasses/Grass1s" instance=ExtResource( 6 )]
transform = Transform( 0.796213, 0, -0.605017, 0, 1, 0, 0.605017, 0, 0.796213, 8.03247, 0.125233, -17.0983 )

[node name="Grass3" parent="Grasses/Grass1s" instance=ExtResource( 6 )]
transform = Transform( 1, 0, 0, 0, 1, 0, 0, 0, 1, 5.47656, 0.125223, -1.28558 )

[node name="Grass12" parent="Grasses/Grass1s" instance=ExtResource( 6 )]
transform = Transform( 0.915894, 0, 0.40142, 0, 1, 0, -0.40142, 0, 0.915894, 12.3198, 0.125223, -3.58453 )

[node name="Grass13" parent="Grasses/Grass1s" instance=ExtResource( 6 )]
transform = Transform( -0.072872, 0, 0.997341, 0, 1, 0, -0.997341, 0, -0.072872, 3.36846, 0.125224, -12.8552 )

[node name="Grass20" parent="Grasses/Grass1s" instance=ExtResource( 6 )]
transform = Transform( 0.761076, 0, -0.648663, 0, 1, 0, 0.648663, 0, 0.761076, 1.49461, 0.125223, -5.57405 )

[node name="Grass25" parent="Grasses/Grass1s" instance=ExtResource( 6 )]
transform = Transform( 0.761076, 0, -0.648663, 0, 1, 0, 0.648663, 0, 0.761076, 34.6764, 0.125223, 31.3164 )

[node name="Grass55" parent="Grasses/Grass1s" instance=ExtResource( 6 )]
transform = Transform( 0.761076, 0, -0.648663, 0, 1, 0, 0.648663, 0, 0.761076, 32.2292, 0.125223, 23.8521 )

[node name="Grass76" parent="Grasses/Grass1s" instance=ExtResource( 6 )]
transform = Transform( 0.761076, 0, -0.648663, 0, 1, 0, 0.648663, 0, 0.761076, -0.335182, 0.125223, 23.861 )

[node name="Grass84" parent="Grasses/Grass1s" instance=ExtResource( 6 )]
transform = Transform( 0.761076, 0, -0.648663, 0, 1, 0, 0.648663, 0, 0.761076, 3.69583, 0.125223, 31.399 )

[node name="Grass110" parent="Grasses/Grass1s" instance=ExtResource( 6 )]
transform = Transform( 0.761076, 0, -0.648663, 0, 1, 0, 0.648663, 0, 0.761076, -0.729284, 0.125223, 4.9953 )

[node name="Grass129" parent="Grasses/Grass1s" instance=ExtResource( 6 )]
transform = Transform( -0.751024, 0, -0.660275, 0, 1, 0, 0.660275, 0, -0.751024, -27.7144, 0.125223, -0.862753 )

[node name="Grass139" parent="Grasses/Grass1s" instance=ExtResource( 6 )]
transform = Transform( -0.751024, 0, -0.660275, 0, 1, 0, 0.660275, 0, -0.751024, 24.2293, 0.125227, 7.99945 )

[node name="Grass154" parent="Grasses/Grass1s" instance=ExtResource( 6 )]
transform = Transform( -0.751024, 0, -0.660275, 0, 1, 0, 0.660275, 0, -0.751024, 14.7657, 0.125231, 1.87833 )

[node name="Grass169" parent="Grasses/Grass1s" instance=ExtResource( 6 )]
transform = Transform( 0.41812, 0, -0.908392, 0, 1, 0, 0.908392, 0, 0.41812, 4.36376, 0.125231, 2.98483 )

[node name="Grass187" parent="Grasses/Grass1s" instance=ExtResource( 6 )]
transform = Transform( 0.41812, 0, -0.908392, 0, 1, 0, 0.908392, 0, 0.41812, 7.26838, 0.125231, -15.7256 )

[node name="Grass207" parent="Grasses/Grass1s" instance=ExtResource( 6 )]
transform = Transform( -0.950101, 0, 0.311942, 0, 1, 0, -0.311942, 0, -0.950101, -5.86567, 0.125231, -10.3001 )

[node name="Grass31" parent="Grasses/Grass1s" instance=ExtResource( 6 )]
transform = Transform( -0.50762, 0, 0.861581, 0, 1, 0, -0.861581, 0, -0.50762, 3.27771, 0.125224, 30.4486 )

[node name="Grass56" parent="Grasses/Grass1s" instance=ExtResource( 6 )]
transform = Transform( -0.50762, 0, 0.861581, 0, 1, 0, -0.861581, 0, -0.50762, 0.830491, 0.125224, 22.9843 )

[node name="Grass77" parent="Grasses/Grass1s" instance=ExtResource( 6 )]
transform = Transform( -0.50762, 0, 0.861581, 0, 1, 0, -0.861581, 0, -0.50762, -31.7339, 0.125224, 22.9932 )

[node name="Grass93" parent="Grasses/Grass1s" instance=ExtResource( 6 )]
transform = Transform( -0.50762, 0, 0.861581, 0, 1, 0, -0.861581, 0, -0.50762, -27.7029, 0.125224, 30.5312 )

[node name="Grass109" parent="Grasses/Grass1s" instance=ExtResource( 6 )]
transform = Transform( -0.50762, 0, 0.861581, 0, 1, 0, -0.861581, 0, -0.50762, -32.128, 0.125224, 4.1275 )

[node name="Grass128" parent="Grasses/Grass1s" instance=ExtResource( 6 )]
transform = Transform( 0.925427, 0, 0.378926, 0, 1, 0, -0.378926, 0, 0.925427, -22.3564, 0.125224, -31.8131 )

[node name="Grass148" parent="Grasses/Grass1s" instance=ExtResource( 6 )]
transform = Transform( 0.925427, 0, 0.378926, 0, 1, 0, -0.378926, 0, 0.925427, 29.5872, 0.125228, -22.9509 )

[node name="Grass168" parent="Grasses/Grass1s" instance=ExtResource( 6 )]
transform = Transform( 0.925427, 0, 0.378926, 0, 1, 0, -0.378926, 0, 0.925427, 20.1237, 0.125232, -29.072 )

[node name="Grass185" parent="Grasses/Grass1s" instance=ExtResource( 6 )]
transform = Transform( -0.098664, 0, 0.995121, 0, 1, 0, -0.995121, 0, -0.098664, -23.7647, 0.125232, -10.9944 )

[node name="Grass198" parent="Grasses/Grass1s" instance=ExtResource( 6 )]
transform = Transform( -0.098664, 0, 0.995121, 0, 1, 0, -0.995121, 0, -0.098664, -20.8601, 0.125232, -29.7048 )

[node name="Grass206" parent="Grasses/Grass1s" instance=ExtResource( 6 )]
transform = Transform( 0.796213, 0, -0.605017, 0, 1, 0, 0.605017, 0, 0.796213, 23.5209, 0.125232, -21.3935 )

[node name="Grass37" parent="Grasses/Grass1s" instance=ExtResource( 6 )]
transform = Transform( -0.50762, 0, 0.861581, 0, 1, 0, -0.861581, 0, -0.50762, 14.649, 0.125224, 30.1996 )

[node name="Grass57" parent="Grasses/Grass1s" instance=ExtResource( 6 )]
transform = Transform( -0.50762, 0, 0.861581, 0, 1, 0, -0.861581, 0, -0.50762, 12.2018, 0.125224, 22.7353 )

[node name="Grass64" parent="Grasses/Grass1s" instance=ExtResource( 6 )]
transform = Transform( -0.50762, 0, 0.861581, 0, 1, 0, -0.861581, 0, -0.50762, -20.3625, 0.125224, 22.7442 )

[node name="Grass83" parent="Grasses/Grass1s" instance=ExtResource( 6 )]
transform = Transform( -0.50762, 0, 0.861581, 0, 1, 0, -0.861581, 0, -0.50762, -16.3315, 0.125224, 30.2822 )

[node name="Grass107" parent="Grasses/Grass1s" instance=ExtResource( 6 )]
transform = Transform( -0.50762, 0, 0.861581, 0, 1, 0, -0.861581, 0, -0.50762, -20.7566, 0.125224, 3.8785 )

[node name="Grass127" parent="Grasses/Grass1s" instance=ExtResource( 6 )]
transform = Transform( 0.925427, 0, 0.378926, 0, 1, 0, -0.378926, 0, 0.925427, -23.7394, 0.125224, -20.5234 )

[node name="Grass137" parent="Grasses/Grass1s" instance=ExtResource( 6 )]
transform = Transform( 0.925427, 0, 0.378926, 0, 1, 0, -0.378926, 0, 0.925427, 28.2043, 0.125228, -11.6612 )

[node name="Grass151" parent="Grasses/Grass1s" instance=ExtResource( 6 )]
transform = Transform( 0.925427, 0, 0.378926, 0, 1, 0, -0.378926, 0, 0.925427, 18.7407, 0.125232, -17.7823 )

[node name="Grass174" parent="Grasses/Grass1s" instance=ExtResource( 6 )]
transform = Transform( -0.098664, 0, 0.995121, 0, 1, 0, -0.995121, 0, -0.098664, -13.3411, 0.125232, -6.44284 )

[node name="Grass190" parent="Grasses/Grass1s" instance=ExtResource( 6 )]
transform = Transform( -0.098664, 0, 0.995121, 0, 1, 0, -0.995121, 0, -0.098664, -10.4365, 0.125232, -25.1533 )

[node name="Grass213" parent="Grasses/Grass1s" instance=ExtResource( 6 )]
transform = Transform( 0.796213, 0, -0.605017, 0, 1, 0, 0.605017, 0, 0.796213, 13.0917, 0.125232, -16.8546 )

[node name="Grass6" parent="Grasses/Grass1s" instance=ExtResource( 6 )]
transform = Transform( 1, 0, 0, 0, 1, 0, 0, 0, 1, 1.68909, 0.125224, -1.26505 )

[node name="Grass11" parent="Grasses/Grass1s" instance=ExtResource( 6 )]
transform = Transform( 0.915894, 0, 0.40142, 0, 1, 0, -0.40142, 0, 0.915894, 8.8591, 0.125224, -2.04536 )

[node name="Grass18" parent="Grasses/Grass1s" instance=ExtResource( 6 )]
transform = Transform( -0.072872, 0, 0.997341, 0, 1, 0, -0.997341, 0, -0.072872, 3.66494, 0.125225, -9.07934 )

[node name="Grass24" parent="Grasses/Grass1s" instance=ExtResource( 6 )]
transform = Transform( 0.761076, 0, -0.648663, 0, 1, 0, 0.648663, 0, 0.761076, -1.40126, 0.125224, -8.01522 )

[node name="Grass30" parent="Grasses/Grass1s" instance=ExtResource( 6 )]
transform = Transform( 0.761076, 0, -0.648663, 0, 1, 0, 0.648663, 0, 0.761076, 31.7805, 0.125224, 28.8753 )

[node name="Grass58" parent="Grasses/Grass1s" instance=ExtResource( 6 )]
transform = Transform( 0.761076, 0, -0.648663, 0, 1, 0, 0.648663, 0, 0.761076, 29.3333, 0.125224, 21.411 )

[node name="Grass66" parent="Grasses/Grass1s" instance=ExtResource( 6 )]
transform = Transform( 0.761076, 0, -0.648663, 0, 1, 0, 0.648663, 0, 0.761076, -3.23108, 0.125224, 21.4199 )

[node name="Grass87" parent="Grasses/Grass1s" instance=ExtResource( 6 )]
transform = Transform( 0.761076, 0, -0.648663, 0, 1, 0, 0.648663, 0, 0.761076, 0.799931, 0.125224, 28.9579 )

[node name="Grass111" parent="Grasses/Grass1s" instance=ExtResource( 6 )]
transform = Transform( 0.761076, 0, -0.648663, 0, 1, 0, 0.648663, 0, 0.761076, -3.62518, 0.125224, 2.5542 )

[node name="Grass118" parent="Grasses/Grass1s" instance=ExtResource( 6 )]
transform = Transform( -0.751024, 0, -0.660275, 0, 1, 0, 0.660275, 0, -0.751024, -24.8835, 0.125224, -3.37898 )

[node name="Grass145" parent="Grasses/Grass1s" instance=ExtResource( 6 )]
transform = Transform( -0.751024, 0, -0.660275, 0, 1, 0, 0.660275, 0, -0.751024, 27.0601, 0.125228, 5.48323 )

[node name="Grass161" parent="Grasses/Grass1s" instance=ExtResource( 6 )]
transform = Transform( -0.751024, 0, -0.660275, 0, 1, 0, 0.660275, 0, -0.751024, 17.5966, 0.125232, -0.637897 )

[node name="Grass181" parent="Grasses/Grass1s" instance=ExtResource( 6 )]
transform = Transform( 0.41812, 0, -0.908392, 0, 1, 0, 0.908392, 0, 0.41812, 2.76144, 0.125232, -0.447044 )

[node name="Grass195" parent="Grasses/Grass1s" instance=ExtResource( 6 )]
transform = Transform( 0.41812, 0, -0.908392, 0, 1, 0, 0.908392, 0, 0.41812, 5.66606, 0.125232, -19.1575 )

[node name="Grass215" parent="Grasses/Grass1s" instance=ExtResource( 6 )]
transform = Transform( -0.950101, 0, 0.311942, 0, 1, 0, -0.311942, 0, -0.950101, -2.26079, 0.125232, -9.13823 )

[node name="Grass34" parent="Grasses/Grass1s" instance=ExtResource( 6 )]
transform = Transform( -0.50762, 0, 0.861581, 0, 1, 0, -0.861581, 0, -0.50762, 5.21801, 0.125225, 33.7014 )

[node name="Grass59" parent="Grasses/Grass1s" instance=ExtResource( 6 )]
transform = Transform( -0.50762, 0, 0.861581, 0, 1, 0, -0.861581, 0, -0.50762, 2.77079, 0.125225, 26.2371 )

[node name="Grass67" parent="Grasses/Grass1s" instance=ExtResource( 6 )]
transform = Transform( -0.50762, 0, 0.861581, 0, 1, 0, -0.861581, 0, -0.50762, -29.7936, 0.125225, 26.246 )

[node name="Grass95" parent="Grasses/Grass1s" instance=ExtResource( 6 )]
transform = Transform( -0.50762, 0, 0.861581, 0, 1, 0, -0.861581, 0, -0.50762, -25.7626, 0.125225, 33.784 )

[node name="Grass101" parent="Grasses/Grass1s" instance=ExtResource( 6 )]
transform = Transform( -0.50762, 0, 0.861581, 0, 1, 0, -0.861581, 0, -0.50762, -30.1877, 0.125225, 7.3803 )

[node name="Grass122" parent="Grasses/Grass1s" instance=ExtResource( 6 )]
transform = Transform( 0.925427, 0, 0.378926, 0, 1, 0, -0.378926, 0, 0.925427, -25.8537, 0.125225, -30.3589 )

[node name="Grass133" parent="Grasses/Grass1s" instance=ExtResource( 6 )]
transform = Transform( 0.925427, 0, 0.378926, 0, 1, 0, -0.378926, 0, 0.925427, 26.09, 0.125229, -21.4967 )

[node name="Grass157" parent="Grasses/Grass1s" instance=ExtResource( 6 )]
transform = Transform( 0.925427, 0, 0.378926, 0, 1, 0, -0.378926, 0, 0.925427, 16.6264, 0.125233, -27.6178 )

[node name="Grass177" parent="Grasses/Grass1s" instance=ExtResource( 6 )]
