[gd_scene load_steps=11 format=2]

[ext_resource path="res://Scripts/Village.gd" type="Script" id=1]
[ext_resource path="res://Scenes/Objects/VillageGround.tscn" type="PackedScene" id=2]
[ext_resource path="res://Scenes/Player/Player.tscn" type="PackedScene" id=3]
[ext_resource path="res://Scenes/Objects/moon.tscn" type="PackedScene" id=4]
[ext_resource path="res://Scenes/NPCs/man.tscn" type="PackedScene" id=5]
[ext_resource path="res://Scenes/Objects/house.tscn" type="PackedScene" id=6]
[ext_resource path="res://Scenes/Objects/hut.tscn" type="PackedScene" id=7]
[ext_resource path="res://Scenes/Objects/Grass1.tscn" type="PackedScene" id=8]
[ext_resource path="res://Scenes/Objects/Grass2.tscn" type="PackedScene" id=9]
[ext_resource path="res://Scenes/Objects/Tree1.tscn" type="PackedScene" id=10]

[node name="Village" type="Spatial"]
script = ExtResource( 1 )

[node name="VillageGround" parent="." instance=ExtResource( 2 )]

[node name="Player" parent="." instance=ExtResource( 3 )]
editor/display_folded = true
transform = Transform( -0.999451, 0, 0.0331202, 0, 1, 0, -0.0331202, 0, -0.999451, -0.0150261, 1.45765, 0.00686264 )

[node name="moon" parent="Player" instance=ExtResource( 4 )]
transform = Transform( 1, 0, 0, 0, 1, 0, 0, 0, 1, -39.1179, 23.4506, 4.64191 )

[node name="man" parent="." instance=ExtResource( 5 )]
transform = Transform( 1, 0, 0, 0, 1, 0, 0, 0, 1, -8.95784, 0, -8.6253 )

[node name="house" parent="." instance=ExtResource( 6 )]
transform = Transform( 1, 0, 0, 0, 1, 0, 0, 0, 1, -12.6963, 0.993704, 0.00500333 )

[node name="hut" parent="." instance=ExtResource( 7 )]
transform = Transform( 1, 0, 0, 0, 1, 0, 0, 0, 1, -5.18924, 0.502687, -14.2979 )

[node name="Grasses" type="Spatial" parent="."]
editor/display_folded = true

[node name="Grass1s" type="Spatial" parent="Grasses"]
editor/display_folded = true

[node name="Grass1" parent="Grasses/Grass1s" instance=ExtResource( 8 )]
transform = Transform( 1, 0, 0, 0, 1, 0, 0, 0, 1, 2.74819, 0.125223, 4.03665 )

[node name="Grass7" parent="Grasses/Grass1s" instance=ExtResource( 8 )]
transform = Transform( 0.915894, 0, 0.40142, 0, 1, 0, -0.40142, 0, 0.915894, 11.9573, 0.125223, 2.3853 )

[node name="Grass15" parent="Grasses/Grass1s" instance=ExtResource( 8 )]
transform = Transform( -0.072872, 0, 0.997341, 0, 1, 0, -0.997341, 0, -0.072872, 8.87537, 0.125224, -10.522 )

[node name="Grass22" parent="Grasses/Grass1s" instance=ExtResource( 8 )]
transform = Transform( 0.761076, 0, -0.648663, 0, 1, 0, 0.648663, 0, 0.761076, -4.03422, 0.125223, -3.29322 )

[node name="Grass28" parent="Grasses/Grass1s" instance=ExtResource( 8 )]
transform = Transform( 0.761076, 0, -0.648663, 0, 1, 0, 0.648663, 0, 0.761076, 11.0238, 0.125223, 15.969 )

[node name="Grass35" parent="Grasses/Grass1s" instance=ExtResource( 8 )]
transform = Transform( -0.50762, 0, 0.861581, 0, 1, 0, -0.861581, 0, -0.50762, -8.87549, 0.125224, 12.4693 )

[node name="Grass41" parent="Grasses/Grass1s" instance=ExtResource( 8 )]
transform = Transform( -0.50762, 0, 0.861581, 0, 1, 0, -0.861581, 0, -0.50762, 2.49585, 0.125224, 12.2204 )

[node name="Grass4" parent="Grasses/Grass1s" instance=ExtResource( 8 )]
transform = Transform( 1, 0, 0, 0, 1, 0, 0, 0, 1, -1.03928, 0.125224, 4.05719 )

[node name="Grass10" parent="Grasses/Grass1s" instance=ExtResource( 8 )]
transform = Transform( 0.915894, 0, 0.40142, 0, 1, 0, -0.40142, 0, 0.915894, 8.49666, 0.125224, 3.92447 )

[node name="Grass17" parent="Grasses/Grass1s" instance=ExtResource( 8 )]
transform = Transform( -0.072872, 0, 0.997341, 0, 1, 0, -0.997341, 0, -0.072872, 9.17185, 0.125225, -6.74606 )

[node name="Grass19" parent="Grasses/Grass1s" instance=ExtResource( 8 )]
transform = Transform( 0.761076, 0, -0.648663, 0, 1, 0, 0.648663, 0, 0.761076, -6.93009, 0.125224, -5.73438 )

[node name="Grass26" parent="Grasses/Grass1s" instance=ExtResource( 8 )]
transform = Transform( 0.761076, 0, -0.648663, 0, 1, 0, 0.648663, 0, 0.761076, 8.12797, 0.125224, 13.5278 )

[node name="Grass33" parent="Grasses/Grass1s" instance=ExtResource( 8 )]
transform = Transform( -0.50762, 0, 0.861581, 0, 1, 0, -0.861581, 0, -0.50762, -6.93521, 0.125225, 15.7221 )

[node name="Grass40" parent="Grasses/Grass1s" instance=ExtResource( 8 )]
transform = Transform( -0.50762, 0, 0.861581, 0, 1, 0, -0.861581, 0, -0.50762, 4.43614, 0.125225, 15.4731 )

[node name="Grass2" parent="Grasses/Grass1s" instance=ExtResource( 8 )]
transform = Transform( 1, 0, 0, 0, 1, 0, 0, 0, 1, 5.08837, 0.125223, 1.56074 )

[node name="Grass8" parent="Grasses/Grass1s" instance=ExtResource( 8 )]
transform = Transform( 0.915894, 0, 0.40142, 0, 1, 0, -0.40142, 0, 0.915894, 13.1068, 0.125223, -0.821774 )

[node name="Grass16" parent="Grasses/Grass1s" instance=ExtResource( 8 )]
transform = Transform( -0.072872, 0, 0.997341, 0, 1, 0, -0.997341, 0, -0.072872, 6.2355, 0.125224, -12.6755 )

[node name="Grass23" parent="Grasses/Grass1s" instance=ExtResource( 8 )]
transform = Transform( 0.761076, 0, -0.648663, 0, 1, 0, 0.648663, 0, 0.761076, -0.647132, 0.125223, -3.65959 )

[node name="Grass29" parent="Grasses/Grass1s" instance=ExtResource( 8 )]
transform = Transform( 0.761076, 0, -0.648663, 0, 1, 0, 0.648663, 0, 0.761076, 14.4109, 0.125223, 15.6026 )

[node name="Grass36" parent="Grasses/Grass1s" instance=ExtResource( 8 )]
transform = Transform( -0.50762, 0, 0.861581, 0, 1, 0, -0.861581, 0, -0.50762, -12.1966, 0.125224, 11.7099 )

[node name="Grass42" parent="Grasses/Grass1s" instance=ExtResource( 8 )]
transform = Transform( -0.50762, 0, 0.861581, 0, 1, 0, -0.861581, 0, -0.50762, -0.825274, 0.125224, 11.4609 )

[node name="Grass5" parent="Grasses/Grass1s" instance=ExtResource( 8 )]
transform = Transform( 1, 0, 0, 0, 1, 0, 0, 0, 1, 1.30091, 0.125224, 1.58127 )

[node name="Grass9" parent="Grasses/Grass1s" instance=ExtResource( 8 )]
transform = Transform( 0.915894, 0, 0.40142, 0, 1, 0, -0.40142, 0, 0.915894, 9.64614, 0.125224, 0.717397 )

[node name="Grass14" parent="Grasses/Grass1s" instance=ExtResource( 8 )]
transform = Transform( -0.072872, 0, 0.997341, 0, 1, 0, -0.997341, 0, -0.072872, 6.53198, 0.125225, -8.8996 )

[node name="Grass21" parent="Grasses/Grass1s" instance=ExtResource( 8 )]
transform = Transform( 0.761076, 0, -0.648663, 0, 1, 0, 0.648663, 0, 0.761076, -3.543, 0.125224, -6.10075 )

[node name="Grass27" parent="Grasses/Grass1s" instance=ExtResource( 8 )]
transform = Transform( 0.761076, 0, -0.648663, 0, 1, 0, 0.648663, 0, 0.761076, 11.5151, 0.125224, 13.1615 )

[node name="Grass32" parent="Grasses/Grass1s" instance=ExtResource( 8 )]
transform = Transform( -0.50762, 0, 0.861581, 0, 1, 0, -0.861581, 0, -0.50762, -10.2563, 0.125225, 14.9627 )

[node name="Grass39" parent="Grasses/Grass1s" instance=ExtResource( 8 )]
transform = Transform( -0.50762, 0, 0.861581, 0, 1, 0, -0.861581, 0, -0.50762, 1.11501, 0.125225, 14.7137 )

[node name="Grass3" parent="Grasses/Grass1s" instance=ExtResource( 8 )]
transform = Transform( 1, 0, 0, 0, 1, 0, 0, 0, 1, 5.47656, 0.125223, -1.28558 )

[node name="Grass12" parent="Grasses/Grass1s" instance=ExtResource( 8 )]
transform = Transform( 0.915894, 0, 0.40142, 0, 1, 0, -0.40142, 0, 0.915894, 12.3198, 0.125223, -3.58453 )

[node name="Grass13" parent="Grasses/Grass1s" instance=ExtResource( 8 )]
transform = Transform( -0.072872, 0, 0.997341, 0, 1, 0, -0.997341, 0, -0.072872, 3.36846, 0.125224, -12.8552 )

[node name="Grass20" parent="Grasses/Grass1s" instance=ExtResource( 8 )]
transform = Transform( 0.761076, 0, -0.648663, 0, 1, 0, 0.648663, 0, 0.761076, 1.49461, 0.125223, -5.57405 )

[node name="Grass25" parent="Grasses/Grass1s" instance=ExtResource( 8 )]
transform = Transform( 0.761076, 0, -0.648663, 0, 1, 0, 0.648663, 0, 0.761076, 16.5527, 0.125223, 13.6881 )

[node name="Grass31" parent="Grasses/Grass1s" instance=ExtResource( 8 )]
transform = Transform( -0.50762, 0, 0.861581, 0, 1, 0, -0.861581, 0, -0.50762, -14.846, 0.125224, 12.8203 )

[node name="Grass37" parent="Grasses/Grass1s" instance=ExtResource( 8 )]
transform = Transform( -0.50762, 0, 0.861581, 0, 1, 0, -0.861581, 0, -0.50762, -3.47466, 0.125224, 12.5713 )

[node name="Grass6" parent="Grasses/Grass1s" instance=ExtResource( 8 )]
transform = Transform( 1, 0, 0, 0, 1, 0, 0, 0, 1, 1.68909, 0.125224, -1.26505 )

[node name="Grass11" parent="Grasses/Grass1s" instance=ExtResource( 8 )]
transform = Transform( 0.915894, 0, 0.40142, 0, 1, 0, -0.40142, 0, 0.915894, 8.8591, 0.125224, -2.04536 )

[node name="Grass18" parent="Grasses/Grass1s" instance=ExtResource( 8 )]
transform = Transform( -0.072872, 0, 0.997341, 0, 1, 0, -0.997341, 0, -0.072872, 3.66494, 0.125225, -9.07934 )

[node name="Grass24" parent="Grasses/Grass1s" instance=ExtResource( 8 )]
transform = Transform( 0.761076, 0, -0.648663, 0, 1, 0, 0.648663, 0, 0.761076, -1.40126, 0.125224, -8.01522 )

[node name="Grass30" parent="Grasses/Grass1s" instance=ExtResource( 8 )]
transform = Transform( 0.761076, 0, -0.648663, 0, 1, 0, 0.648663, 0, 0.761076, 13.6568, 0.125224, 11.247 )

[node name="Grass34" parent="Grasses/Grass1s" instance=ExtResource( 8 )]
transform = Transform( -0.50762, 0, 0.861581, 0, 1, 0, -0.861581, 0, -0.50762, -12.9057, 0.125225, 16.0731 )

[node name="Grass38" parent="Grasses/Grass1s" instance=ExtResource( 8 )]
transform = Transform( -0.50762, 0, 0.861581, 0, 1, 0, -0.861581, 0, -0.50762, -1.53437, 0.125225, 15.8241 )

[node name="Grass2s" type="Spatial" parent="Grasses"]

[node name="Grass2" parent="Grasses/Grass2s" instance=ExtResource( 9 )]
transform = Transform( 1, 0, 0, 0, 1, 0, 0, 0, 1, 4.75627, 0, -4.0686 )

[node name="Grass13" parent="Grasses/Grass2s" instance=ExtResource( 9 )]
transform = Transform( 1, 0, 0, 0, 1, 0, 0, 0, 1, -6.67359, 0, 1.89715 )

[node name="Grass23" parent="Grasses/Grass2s" instance=ExtResource( 9 )]
transform = Transform( 0.525328, 0, -0.8509, 0, 1, 0, 0.8509, 0, 0.525328, -8.74417, 0, 11.9044 )

[node name="Grass31" parent="Grasses/Grass2s" instance=ExtResource( 9 )]
transform = Transform( 0.525328, 0, -0.8509, 0, 1, 0, 0.8509, 0, 0.525328, 4.60636, 0, 11.5037 )

[node name="Grass38" parent="Grasses/Grass2s" instance=ExtResource( 9 )]
transform = Transform( 0.525328, 0, -0.8509, 0, 1, 0, 0.8509, 0, 0.525328, 7.92528, 0, -15.3893 )

[node name="Grass44" parent="Grasses/Grass2s" instance=ExtResource( 9 )]
transform = Transform( 0.525328, 0, -0.8509, 0, 1, 0, 0.8509, 0, 0.525328, -15.842, 0, -11.309 )

[node name="Grass8" parent="Grasses/Grass2s" instance=ExtResource( 9 )]
transform = Transform( 1, 0, 0, 0, 1, 0, 0, 0, 1, 8.41414, 0, -8.94722 )

[node name="Grass12" parent="Grasses/Grass2s" instance=ExtResource( 9 )]
transform = Transform( 1, 0, 0, 0, 1, 0, 0, 0, 1, -3.01572, 0, -2.98147 )

[node name="Grass20" parent="Grasses/Grass2s" instance=ExtResource( 9 )]
transform = Transform( 0.525328, 0, -0.8509, 0, 1, 0, 0.8509, 0, 0.525328, -2.67138, 0, 12.4541 )

[node name="Grass29" parent="Grasses/Grass2s" instance=ExtResource( 9 )]
transform = Transform( 0.525328, 0, -0.8509, 0, 1, 0, 0.8509, 0, 0.525328, 10.6792, 0, 12.0533 )

[node name="Grass37" parent="Grasses/Grass2s" instance=ExtResource( 9 )]
transform = Transform( 0.525328, 0, -0.8509, 0, 1, 0, 0.8509, 0, 0.525328, 13.9981, 0, -14.8397 )

[node name="Grass47" parent="Grasses/Grass2s" instance=ExtResource( 9 )]
transform = Transform( 0.525328, 0, -0.8509, 0, 1, 0, 0.8509, 0, 0.525328, -9.7692, 0, -10.7594 )

[node name="Grass3" parent="Grasses/Grass2s" instance=ExtResource( 9 )]
transform = Transform( 1, 0, 0, 0, 1, 0, 0, 0, 1, 7.46318, 0, -2.08976 )

[node name="Grass17" parent="Grasses/Grass2s" instance=ExtResource( 9 )]
transform = Transform( 1, 0, 0, 0, 1, 0, 0, 0, 1, -3.96668, 0, 3.87598 )

[node name="Grass25" parent="Grasses/Grass2s" instance=ExtResource( 9 )]
transform = Transform( 0.525328, 0, -0.8509, 0, 1, 0, 0.8509, 0, 0.525328, -9.00595, 0, 15.2473 )

[node name="Grass32" parent="Grasses/Grass2s" instance=ExtResource( 9 )]
transform = Transform( 0.525328, 0, -0.8509, 0, 1, 0, 0.8509, 0, 0.525328, 4.34458, 0, 14.8466 )

[node name="Grass40" parent="Grasses/Grass2s" instance=ExtResource( 9 )]
transform = Transform( 0.525328, 0, -0.8509, 0, 1, 0, 0.8509, 0, 0.525328, 7.6635, 0, -12.0465 )

[node name="Grass49" parent="Grasses/Grass2s" instance=ExtResource( 9 )]
transform = Transform( 0.525328, 0, -0.8509, 0, 1, 0, 0.8509, 0, 0.525328, -16.1038, 0, -7.96612 )

[node name="Grass9" parent="Grasses/Grass2s" instance=ExtResource( 9 )]
transform = Transform( 1, 0, 0, 0, 1, 0, 0, 0, 1, 11.121, 0, -6.96838 )

[node name="Grass14" parent="Grasses/Grass2s" instance=ExtResource( 9 )]
transform = Transform( 1, 0, 0, 0, 1, 0, 0, 0, 1, -0.308815, 0, -1.00264 )

[node name="Grass18" parent="Grasses/Grass2s" instance=ExtResource( 9 )]
transform = Transform( 0.525328, 0, -0.8509, 0, 1, 0, 0.8509, 0, 0.525328, -2.93316, 0, 15.7969 )

[node name="Grass28" parent="Grasses/Grass2s" instance=ExtResource( 9 )]
transform = Transform( 0.525328, 0, -0.8509, 0, 1, 0, 0.8509, 0, 0.525328, 10.4174, 0, 15.3962 )

[node name="Grass36" parent="Grasses/Grass2s" instance=ExtResource( 9 )]
transform = Transform( 0.525328, 0, -0.8509, 0, 1, 0, 0.8509, 0, 0.525328, 13.7363, 0, -11.4969 )

[node name="Grass46" parent="Grasses/Grass2s" instance=ExtResource( 9 )]
transform = Transform( 0.525328, 0, -0.8509, 0, 1, 0, 0.8509, 0, 0.525328, -10.031, 0, -7.41652 )

[node name="Grass4" parent="Grasses/Grass2s" instance=ExtResource( 9 )]
transform = Transform( 1, 0, 0, 0, 1, 0, 0, 0, 1, 9.26637, 0, -4.76557 )

[node name="Grass10" parent="Grasses/Grass2s" instance=ExtResource( 9 )]
transform = Transform( 1, 0, 0, 0, 1, 0, 0, 0, 1, -2.16349, 0, 1.20018 )

[node name="Grass21" parent="Grasses/Grass2s" instance=ExtResource( 9 )]
transform = Transform( 0.525328, 0, -0.8509, 0, 1, 0, 0.8509, 0, 0.525328, -5.78185, 0, 15.376 )

[node name="Grass27" parent="Grasses/Grass2s" instance=ExtResource( 9 )]
transform = Transform( 0.525328, 0, -0.8509, 0, 1, 0, 0.8509, 0, 0.525328, 7.56869, 0, 14.9752 )

[node name="Grass35" parent="Grasses/Grass2s" instance=ExtResource( 9 )]
transform = Transform( 0.525328, 0, -0.8509, 0, 1, 0, 0.8509, 0, 0.525328, 10.8876, 0, -11.9178 )

[node name="Grass42" parent="Grasses/Grass2s" instance=ExtResource( 9 )]
transform = Transform( 0.525328, 0, -0.8509, 0, 1, 0, 0.8509, 0, 0.525328, -12.8797, 0, -7.83746 )

[node name="Grass6" parent="Grasses/Grass2s" instance=ExtResource( 9 )]
transform = Transform( 1, 0, 0, 0, 1, 0, 0, 0, 1, 12.9242, 0, -9.64418 )

[node name="Grass15" parent="Grasses/Grass2s" instance=ExtResource( 9 )]
transform = Transform( 1, 0, 0, 0, 1, 0, 0, 0, 1, 1.49438, 0, -3.67844 )

[node name="Grass24" parent="Grasses/Grass2s" instance=ExtResource( 9 )]
transform = Transform( 0.525328, 0, -0.8509, 0, 1, 0, 0.8509, 0, 0.525328, 0.290948, 0, 15.9256 )

[node name="Grass33" parent="Grasses/Grass2s" instance=ExtResource( 9 )]
transform = Transform( 0.525328, 0, -0.8509, 0, 1, 0, 0.8509, 0, 0.525328, 13.6415, 0, 15.5248 )

[node name="Grass41" parent="Grasses/Grass2s" instance=ExtResource( 9 )]
transform = Transform( 0.525328, 0, -0.8509, 0, 1, 0, 0.8509, 0, 0.525328, 16.9604, 0, -11.3682 )

[node name="Grass45" parent="Grasses/Grass2s" instance=ExtResource( 9 )]
transform = Transform( 0.525328, 0, -0.8509, 0, 1, 0, 0.8509, 0, 0.525328, -6.80687, 0, -7.28785 )

[node name="Grass5" parent="Grasses/Grass2s" instance=ExtResource( 9 )]
transform = Transform( 1, 0, 0, 0, 1, 0, 0, 0, 1, 4.95613, 0, -7.74564 )

[node name="Grass11" parent="Grasses/Grass2s" instance=ExtResource( 9 )]
transform = Transform( 1, 0, 0, 0, 1, 0, 0, 0, 1, -6.47373, 0, -1.7799 )

[node name="Grass22" parent="Grasses/Grass2s" instance=ExtResource( 9 )]
transform = Transform( 0.525328, 0, -0.8509, 0, 1, 0, 0.8509, 0, 0.525328, -5.51039, 0, 10.1429 )

[node name="Grass30" parent="Grasses/Grass2s" instance=ExtResource( 9 )]
transform = Transform( 0.525328, 0, -0.8509, 0, 1, 0, 0.8509, 0, 0.525328, 7.84015, 0, 9.74213 )

[node name="Grass39" parent="Grasses/Grass2s" instance=ExtResource( 9 )]
transform = Transform( 0.525328, 0, -0.8509, 0, 1, 0, 0.8509, 0, 0.525328, 11.1591, 0, -17.1509 )

[node name="Grass48" parent="Grasses/Grass2s" instance=ExtResource( 9 )]
transform = Transform( 0.525328, 0, -0.8509, 0, 1, 0, 0.8509, 0, 0.525328, -12.6082, 0, -13.0706 )

[node name="Grass7" parent="Grasses/Grass2s" instance=ExtResource( 9 )]
transform = Transform( 1, 0, 0, 0, 1, 0, 0, 0, 1, 8.614, 0, -12.6243 )

[node name="Grass16" parent="Grasses/Grass2s" instance=ExtResource( 9 )]
transform = Transform( 1, 0, 0, 0, 1, 0, 0, 0, 1, -2.81586, 0, -6.65852 )

[node name="Grass19" parent="Grasses/Grass2s" instance=ExtResource( 9 )]
transform = Transform( 0.525328, 0, -0.8509, 0, 1, 0, 0.8509, 0, 0.525328, 0.562409, 0, 10.6925 )

[node name="Grass26" parent="Grasses/Grass2s" instance=ExtResource( 9 )]
transform = Transform( 0.525328, 0, -0.8509, 0, 1, 0, 0.8509, 0, 0.525328, 13.9129, 0, 10.2917 )

[node name="Grass34" parent="Grasses/Grass2s" instance=ExtResource( 9 )]
transform = Transform( 0.525328, 0, -0.8509, 0, 1, 0, 0.8509, 0, 0.525328, 17.2319, 0, -16.6013 )

[node name="Grass43" parent="Grasses/Grass2s" instance=ExtResource( 9 )]
transform = Transform( 0.525328, 0, -0.8509, 0, 1, 0, 0.8509, 0, 0.525328, -6.53541, 0, -12.521 )

[node name="Trees" type="Spatial" parent="."]
editor/display_folded = true
transform = Transform( 1, 0, 0, 0, 1, 0, 0, 0, 1, -0.0157852, 0.0376415, 0.00865746 )

[node name="Tree1" parent="Trees" instance=ExtResource( 10 )]
transform = Transform( 1, 0, 0, 0, 1, 0, 0, 0, 1, -15.3929, 0, 15.5151 )

[node name="Tree2" parent="Trees" instance=ExtResource( 10 )]
transform = Transform( 1, 0, 0, 0, 1, 0, 0, 0, 1, -11.3436, 0, 17.2115 )

[node name="Tree3" parent="Trees" instance=ExtResource( 10 )]
transform = Transform( 1, 0, 0, 0, 1, 0, 0, 0, 1, -6.13597, 0, 17.5021 )

[node name="Tree4" parent="Trees" instance=ExtResource( 10 )]
transform = Transform( 1, 0, 0, 0, 1, 0, 0, 0, 1, -4.17594, 0, 15.9519 )

[node name="Tree5" parent="Trees" instance=ExtResource( 10 )]
transform = Transform( 1, 0, 0, 0, 1, 0, 0, 0, 1, 11.8946, 0, 15.0741 )

[node name="Tree8" parent="Trees" instance=ExtResource( 10 )]
transform = Transform( 1, 0, 0, 0, 1, 0, 0, 0, 1, 9.2951, 0, 13.249 )

[node name="Tree9" parent="Trees" instance=ExtResource( 10 )]
transform = Transform( 1, 0, 0, 0, 1, 0, 0, 0, 1, 2.10123, 0, 16.4219 )

[node name="Tree10" parent="Trees" instance=ExtResource( 10 )]
transform = Transform( 1, 0, 0, 0, 1, 0, 0, 0, 1, -0.876053, 0, 15.2192 )

[node name="Tree11" parent="Trees" instance=ExtResource( 10 )]
transform = Transform( 1, 0, 0, 0, 1, 0, 0, 0, 1, 16.662, 0, 10.2481 )

[node name="Tree12" parent="Trees" instance=ExtResource( 10 )]
transform = Transform( 1, 0, 0, 0, 1, 0, 0, 0, 1, 17.0834, 0, 2.6564 )

[node name="Tree13" parent="Trees" instance=ExtResource( 10 )]
transform = Transform( 1, 0, 0, 0, 1, 0, 0, 0, 1, 13.9757, 0, -3.73471 )

[node name="Tree14" parent="Trees" instance=ExtResource( 10 )]
transform = Transform( 1, 0, 0, 0, 1, 0, 0, 0, 1, 16.7667, 0, -13.455 )

[node name="Tree15" parent="Trees" instance=ExtResource( 10 )]
transform = Transform( 1, 0, 0, 0, 1, 0, 0, 0, 1, 8.86589, 0, -17.3352 )

[node name="Tree16" parent="Trees" instance=ExtResource( 10 )]
transform = Transform( 1, 0, 0, 0, 1, 0, 0, 0, 1, 3.32873, 0, -16.0406 )

[node name="Tree17" parent="Trees" instance=ExtResource( 10 )]
transform = Transform( 1, 0, 0, 0, 1, 0, 0, 0, 1, 2.96962, 0, -9.61428 )

[node name="Tree18" parent="Trees" instance=ExtResource( 10 )]
transform = Transform( 1, 0, 0, 0, 1, 0, 0, 0, 1, -15.8652, 0, -15.4121 )

[node name="Tree19" parent="Trees" instance=ExtResource( 10 )]
transform = Transform( 1, 0, 0, 0, 1, 0, 0, 0, 1, -12.1752, 1.90735e-006, 5.56626 )

[node name="Tree6" parent="Trees" instance=ExtResource( 10 )]
transform = Transform( 1, 0, 0, 0, 1, 0, 0, 0, 1, 7.32995, 0, 16.4359 )

[node name="Tree7" parent="Trees" instance=ExtResource( 10 )]
transform = Transform( 1, 0, 0, 0, 1, 0, 0, 0, 1, 7.32995, 0, 16.4359 )

